crash:
{
	R5Apex: 00000000003A956B
	EXCEPTION_ACCESS_VIOLATION(read): 0000000000000004
}
cpu: "Intel(R) Core(TM) i5-4200H CPU @ 2.80GHz"
ram: 8 // GB
callstack:
{
	KERNELBASE: 0000000000086B2C
	ntdll: 00000000000A81CB
	ntdll: 000000000008FD56
	ntdll: 00000000000A477F
	ntdll: 0000000000004BEF
	ntdll: 00000000000A34EE
	R5Apex: 00000000003A956B
	R5Apex: 0000000000452CB1
	R5Apex: 00000000001E4DEF
	R5Apex: 000000000043633A
	R5Apex: 000000000043641E
	R5Apex: 0000000000436577
	R5Apex: 0000000000456616
	R5Apex: 0000000000456A07
	R5Apex: 0000000000456BB9
	R5Apex: 0000000000452C27
	R5Apex: 00000000001E4DEF
	R5Apex: 000000000043633A
	R5Apex: 000000000043641E
	R5Apex: 0000000000436577
	R5Apex: 0000000000456616
	R5Apex: 0000000000456A07
	R5Apex: 0000000000456BB9
	R5Apex: 0000000000452C27
	R5Apex: 00000000001E4DEF
	R5Apex: 000000000043633A
	R5Apex: 000000000043641E
	R5Apex: 0000000000436577
	R5Apex: 0000000000456616
	R5Apex: 0000000000456A07
	R5Apex: 0000000000456BB9
	R5Apex: 0000000000452C27
	R5Apex: 00000000001E4DEF
	R5Apex: 000000000043633A
	R5Apex: 000000000043641E
	R5Apex: 0000000000436577
	R5Apex: 0000000000456616
	R5Apex: 0000000000456A07
	R5Apex: 0000000000456BB9
	R5Apex: 0000000000452C27
	R5Apex: 00000000001E4DEF
	R5Apex: 000000000043633A
	R5Apex: 000000000043641E
	R5Apex: 0000000000436577
	R5Apex: 0000000000456616
	R5Apex: 0000000000456A07
	R5Apex: 0000000000456BB9
	R5Apex: 0000000000452C27
	R5Apex: 00000000001E4DEF
	R5Apex: 000000000043633A
	R5Apex: 000000000043641E
	R5Apex: 0000000000436577
	R5Apex: 0000000000456616
	R5Apex: 0000000000456A07
	R5Apex: 0000000000455297
	R5Apex: 0000000000456FC2
	KERNEL32: 0000000000017974
	ntdll: 000000000006A271
}
registers:
{
	rax = 0         
	rbx = 0x00000201CD384580
	rcx = 0         
	rdx = 32        
	rsp = 0x0000005109A0DEF0
	rbp = 0x0000005109A0E020
	rsi = 0x00000201CD0A3698
	rdi = 0         
	r8  = 110676 // 0x0001B054
	r9  = 0x00007FF7FB8070D0
	r10 = 10        
	r11 = 4         
	r12 = 0x000002020E7F55BC
	r13 = 0x000002020E7F511C
	r14 = -1     // 0xFFFFFFFF
	r15 = 0x000002020E7F5080
	rip = 0x00007FF7D48A956B
	xmm0  = [ [0, 0, 0, 0], [0, 0, 0, 0] ]
	xmm1  = [ [9.1835496e-41, 0, 0, 0], [65536, 0, 0, 0] ]
	xmm2  = [ [1.8446744e+19, 0, 0, 0], [0x5F800000, 0x00000000, 0x00000000, 0x00000000] ]
	xmm3  = [ [0, 0, 0, 0], [0, 0, 0, 0] ]
	xmm4  = [ [0, 0, 0, 0], [0, 0, 0, 0] ]
	xmm5  = [ [0, 0, 0, 0], [0, 0, 0, 0] ]
	xmm6  = [ [0, 0, 0, 0], [0, 0, 0, 0] ]
	xmm7  = [ [0, 0, 0, 0], [0, 0, 0, 0] ]
	xmm8  = [ [0, 0, 0, 0], [0, 0, 0, 0] ]
	xmm9  = [ [0, 0, 0, 0], [0, 0, 0, 0] ]
	xmm10 = [ [0, 0, 0, 0], [0, 0, 0, 0] ]
	xmm11 = [ [0, 0, 0, 0], [0, 0, 0, 0] ]
	xmm12 = [ [0, 0, 0, 0], [0, 0, 0, 0] ]
	xmm13 = [ [0, 0, 0, 0], [0, 0, 0, 0] ]
	xmm14 = [ [0, 0, 0, 0], [0, 0, 0, 0] ]
	xmm15 = [ [0, 0, 0, 0], [0, 0, 0, 0] ]
}
build_id: 1561694190
